   0.0000000e+00
   0.0000000e+00
   0.0000000e+00
   0.0000000e+00
   0.0000000e+00
   0.0000000e+00
   0.0000000e+00
   0.0000000e+00
   0.0000000e+00
   0.0000000e+00
   0.0000000e+00
   0.0000000e+00
   0.0000000e+00
   0.0000000e+00
   0.0000000e+00
   0.0000000e+00
   5.4326304e+00
   1.5461219e+01
   3.0987386e+01
   3.9108248e+01
   3.5404163e+01
   3.1994088e+01
   2.8854706e+01
   2.5964443e+01
   2.3303578e+01
   2.0853908e+01
   1.8598634e+01
   1.6522418e+01
   1.4610933e+01
   1.3308874e+01
   1.1652463e+01
   1.0127523e+01
   8.7236019e+00
   7.4310936e+00
   6.2411770e+00
   5.1457447e+00
   4.1372287e+00
   3.2087521e+00
   2.3539718e+00
   1.5670335e+00
   3.0397063e-01
   0.0000000e+00
   1.1947765e+01
   2.6679550e+01
   2.3961940e+01
   2.1460019e+01
   1.9156652e+01
   1.7036107e+01
   1.5083889e+01
   1.3286625e+01
   1.1631956e+01
   1.0108645e+01
   8.7062411e+00
   7.4151374e+00
   6.2265130e+00
   5.1322044e+00
   4.1247615e+00
   3.1972794e+00
   2.3434093e+00
   1.5573081e+00
   2.8635195e-01
   0.0000000e+00
   4.3481258e+00
   3.4029177e+00
   2.5327262e+00
   1.7316015e+00
   6.0205432e-01
   1.7769923e+01
   1.9417907e+01
   2.4366294e+01
   2.1832293e+01
   2.1022853e+01
   2.4137851e+01
   2.2459079e+01
   5.0405630e+01
   4.5804907e+01
   4.1569380e+01
   3.7669943e+01
   3.4080080e+01
   3.0775068e+01
   2.7732434e+01
   2.4931223e+01
   2.2352386e+01
   1.9978171e+01
   1.7792453e+01
   1.5780174e+01
   1.3927626e+01
   1.2222111e+01
   1.0651942e+01
   9.2064454e+00
   8.6691598e+00
   7.3809777e+00
   6.1950501e+00
   5.1032641e+00
   4.6788517e+01
   8.7499521e+01
   7.9954599e+01
   7.5246397e+01
   6.8674016e+01
   6.2623583e+01
   5.7052960e+01
   5.1924671e+01
   4.7203378e+01
   4.3340686e+01
   4.0598299e+01
   3.7647582e+01
   3.4212449e+01
   3.3021352e+01
   3.2582500e+01
   3.2510023e+01
   3.2447154e+01
   3.2722960e+01
   3.2321583e+01
   3.1954422e+01
   2.9633525e+01
   2.6681460e+01
   2.4446525e+01
   2.3375156e+01
   2.2716682e+01
   2.2767416e+01
   2.1828529e+01
   2.0634567e+01
   2.1473728e+01
   4.9779124e+01
   6.9352154e+01
   7.7527459e+01
   1.5642693e+02
   1.4779709e+02
   1.3786886e+02
   1.3115883e+02
   1.4846849e+02
   1.6560343e+02
   1.5485153e+02
   1.4655150e+02
   1.3890826e+02
   1.3465346e+02
   1.2835582e+02
   1.2455667e+02
   1.2186209e+02
   1.1978666e+02
   1.2552190e+02
   1.3363822e+02
   2.2341093e+02
   2.0718730e+02
   1.7483330e+02
   1.7035264e+02
   1.7088358e+02
   1.6204193e+02
   1.5532572e+02
   1.4782350e+02
   1.7128866e+02
   3.7228282e+02
   4.6782674e+02
   3.2623458e+02
   2.2164058e+02
   1.6946269e+02
   1.5833661e+02
   1.4989500e+02
   1.4076345e+02
   1.3534171e+02
   1.3064868e+02
   1.4680995e+02
   1.4495476e+02
   1.4228603e+02
   1.3965550e+02
   1.8237991e+02
   2.5811285e+02
   2.9413116e+02
   4.3470695e+02
   3.0421559e+02
   2.2413402e+02
   1.7552436e+02
   1.6979361e+02
   1.6587311e+02
   1.6144639e+02
   1.5781916e+02
   1.5481614e+02
   2.3530617e+02
   2.5461148e+02
   2.9771569e+02
   3.1435059e+02
   2.1959043e+02
   1.7306126e+02
   1.6667485e+02
   1.6459774e+02
   1.6788954e+02
   1.6364767e+02
   1.6400556e+02
   1.6268131e+02
   1.6096714e+02
   1.6515283e+02
   1.9493699e+02
   1.8308445e+02
   1.6461965e+02
   1.5095350e+02
   1.3837282e+02
   1.2678997e+02
   1.2032266e+02
   1.4127696e+02
   1.6176551e+02
   1.4832635e+02
   1.3665753e+02
   1.2758273e+02
   1.1699658e+02
   1.4601438e+02
   1.3695643e+02
   1.2548595e+02
   1.1492620e+02
   1.0520472e+02
   1.0165784e+02
   1.0144771e+02
   9.2795967e+01
   8.4830790e+01
   7.7497681e+01
   7.0746636e+01
   6.4531585e+01
   5.8809827e+01
   5.3542090e+01
   4.8692474e+01
   4.4227716e+01
   5.2699558e+01
   5.3093744e+01
   9.0605923e+01
   1.2859403e+02
   1.1863546e+02
   1.0861957e+02
   1.0605197e+02
   1.2194749e+02
   1.3693452e+02
   1.3943975e+02
   1.2806254e+02
   1.1729828e+02
   1.0738858e+02
   1.0003188e+02
   1.5449870e+02
   2.2993443e+02
   1.7657331e+02
   1.6079353e+02
   1.4743134e+02
   1.3754692e+02
   1.4654026e+02
   1.5039054e+02
   1.3903579e+02
   1.3482145e+02
   1.3359664e+02
   1.3374216e+02
   1.4164160e+02
   1.3141615e+02
   1.2370717e+02
   1.5725114e+02
   1.5143893e+02
   1.4085446e+02
   1.2907497e+02
   1.2963287e+02
   3.0286943e+02
   2.3229415e+02
   1.7027286e+02
   3.9022905e+02
   6.0998748e+02
   4.1405435e+02
   2.7853735e+02
   1.8657852e+02
   1.6247005e+02
   1.4897527e+02
   1.6248185e+02
   1.5095743e+02
   1.3837620e+02
   1.2679334e+02
   1.2181771e+02
   1.1672577e+02
   1.0708126e+02
   9.7982293e+01
   9.2025687e+01
   1.2298521e+02
   1.1355307e+02
   1.0394058e+02
   9.5091075e+01
   8.6943301e+01
   7.9442764e+01
   7.2537776e+01
   6.6180017e+01
   6.0327351e+01
   5.6929355e+01
   6.1647670e+01
   1.4883369e+02
   2.0820928e+02
   2.0292969e+02
   1.6616021e+02
   1.5310365e+02
   1.5432228e+02
   1.7708458e+02
   1.6102894e+02
   1.4772293e+02
   1.3539845e+02
   1.2405214e+02
   1.1360645e+02
   1.0398946e+02
   9.5136022e+01
   8.6984877e+01
   7.9480969e+01
   7.2572610e+01
   6.6212604e+01
   7.9469733e+01
   7.2562497e+01
   6.6940184e+01
   7.6315574e+01
   8.0605207e+01
   7.4072717e+01
   6.7593602e+01
   6.1628568e+01
   5.6137164e+01
   5.3712777e+01
   4.8915692e+01
   4.9748673e+01
   4.5266105e+01
   4.1073333e+01
   4.2435734e+01
   3.8599392e+01
   3.4935703e+01
   3.1562821e+01
   5.0183592e+01
   1.4324396e+02
   1.3127456e+02
   1.2073617e+02
   1.1055342e+02
   1.0117859e+02
   9.2548197e+01
   8.4602684e+01
   7.7288116e+01
   7.0553364e+01
   6.4353482e+01
   1.4142473e+02
   1.2959972e+02
   1.4031285e+02
   1.2857606e+02
   1.1777135e+02
   1.0782401e+02
   1.0034819e+02
   9.1783535e+01
   8.3898701e+01
   7.6639755e+01
   6.9957254e+01
   6.3804566e+01
   5.8140678e+01
   5.2925810e+01
   4.8125073e+01
   4.3705375e+01
   3.9636432e+01
   4.1128955e+01
   4.2473883e+01
   7.1964139e+01
   6.5652451e+01
   5.9841361e+01
   5.4491877e+01
   4.9566862e+01
   4.5032717e+01
   4.0858430e+01
   3.7015458e+01
   3.3477508e+01
   3.0220365e+01
   2.7221724e+01
   2.4461076e+01
   2.1919490e+01
   1.9579716e+01
   1.7425573e+01
