  -6.1937281e+02
  -6.2087158e+02
  -6.2560914e+02
  -6.3744703e+02
  -6.5609743e+02
  -6.8094352e+02
  -7.0988593e+02
  -7.4261188e+02
  -7.7811472e+02
  -8.1606045e+02
  -8.5360144e+02
  -8.8824437e+02
  -9.1488780e+02
  -9.3876893e+02
  -9.6028168e+02
  -9.7922771e+02
  -9.9552605e+02
  -9.9613955e+02
  -1.0051487e+03
  -1.0251103e+03
  -1.0561863e+03
  -1.0856285e+03
  -1.1105342e+03
  -1.1360504e+03
  -1.1332472e+03
  -1.1340956e+03
  -1.1363054e+03
  -1.1428257e+03
  -1.1545993e+03
  -1.1716136e+03
  -1.1930186e+03
  -1.2175492e+03
  -1.2449968e+03
  -1.2783805e+03
  -1.3171183e+03
  -1.3570379e+03
  -1.3970942e+03
  -1.4384119e+03
  -1.4809919e+03
  -1.5226878e+03
  -1.5594781e+03
  -1.5887360e+03
  -1.6148348e+03
  -1.6504236e+03
  -1.6558785e+03
  -1.6148254e+03
  -1.5767560e+03
  -1.5412096e+03
  -1.5116131e+03
  -1.4858082e+03
  -1.4614823e+03
  -1.4382944e+03
  -1.4155895e+03
  -1.3927328e+03
  -1.3645331e+03
  -1.3317301e+03
  -1.2951479e+03
  -1.2548880e+03
  -1.2108420e+03
  -1.1637702e+03
  -1.1146213e+03
  -1.0688231e+03
  -1.0311612e+03
  -1.0061586e+03
  -9.9086218e+02
  -9.8510292e+02
  -9.8944174e+02
  -1.0110630e+03
  -1.0717567e+03
  -1.1496637e+03
  -1.2455408e+03
  -1.3550542e+03
  -1.4812384e+03
  -1.5980155e+03
  -1.6960426e+03
  -1.8056140e+03
  -1.8223763e+03
  -1.8375884e+03
  -1.8471144e+03
  -1.8427605e+03
  -1.8041193e+03
  -1.7410200e+03
  -1.6840178e+03
  -1.6314965e+03
  -1.5822506e+03
  -1.5323632e+03
  -1.4907034e+03
  -1.4652994e+03
  -1.4522235e+03
  -1.4593288e+03
  -1.4780721e+03
  -1.5029667e+03
  -1.4495584e+03
  -1.4181524e+03
  -1.4156039e+03
  -1.4539920e+03
  -1.5185181e+03
  -1.5722607e+03
  -1.6264514e+03
  -1.6861789e+03
  -1.7191118e+03
  -1.5418386e+03
  -1.2590850e+03
  -1.1101569e+03
  -1.0596025e+03
  -1.0514374e+03
  -1.0456195e+03
  -1.0424256e+03
  -1.0494514e+03
  -1.0669783e+03
  -1.0942323e+03
  -1.1097724e+03
  -1.1376114e+03
  -1.1713217e+03
  -1.2141309e+03
  -1.2188986e+03
  -1.1482557e+03
  -1.0395593e+03
  -7.7602318e+02
  -6.1510351e+02
  -5.1204902e+02
  -4.4075700e+02
  -3.6031762e+02
  -2.7692912e+02
  -2.1674900e+02
  -1.8435259e+02
  -1.7899467e+02
  -1.8416129e+02
  -1.6211852e+02
  -8.0885881e+01
   3.2560183e+01
   3.7521651e+01
  -1.7329346e+01
  -6.8379988e+01
  -1.1738227e+02
  -1.6058876e+02
  -2.1189348e+02
  -2.5903614e+02
  -3.0303528e+02
  -3.4288943e+02
  -3.5368220e+02
  -3.1979714e+02
  -2.8838273e+02
  -3.5132287e+02
  -3.9935619e+02
  -4.1545849e+02
  -4.2990387e+02
  -4.5685095e+02
  -4.5698165e+02
  -4.2559456e+02
  -3.9050716e+02
  -3.8879299e+02
  -5.9963771e+02
  -9.2284181e+02
  -1.0867207e+03
  -1.1635630e+03
  -1.2083630e+03
  -1.2586754e+03
  -1.3172113e+03
  -1.3837590e+03
  -1.4503979e+03
  -1.5144170e+03
  -1.5934442e+03
  -1.6623086e+03
  -1.7228002e+03
  -1.7648047e+03
  -1.8241833e+03
  -1.9457489e+03
  -2.0940919e+03
  -2.3879564e+03
  -2.5540397e+03
  -2.6514687e+03
  -2.6758596e+03
  -2.6605247e+03
  -2.6358932e+03
  -2.6076537e+03
  -2.5639570e+03
  -2.4932989e+03
  -2.4914207e+03
  -2.5110664e+03
  -2.6033139e+03
  -2.7505054e+03
  -2.8309089e+03
  -2.8814507e+03
  -2.8656773e+03
  -2.7543300e+03
  -2.6842631e+03
  -2.6136024e+03
  -2.5548571e+03
  -2.5061203e+03
  -2.4537668e+03
  -2.4154173e+03
  -2.4266473e+03
  -2.4416467e+03
  -2.4428072e+03
  -2.4253029e+03
  -2.3864289e+03
  -2.3408854e+03
  -2.3007541e+03
  -2.2547871e+03
  -2.2398339e+03
  -2.2337147e+03
  -2.2310631e+03
  -2.2265783e+03
  -2.0620374e+03
  -2.0144635e+03
  -2.0373526e+03
  -1.8363751e+03
  -1.4016634e+03
  -1.1468044e+03
  -9.9702758e+02
  -9.0228225e+02
  -7.9500388e+02
  -6.7219506e+02
  -5.1869768e+02
  -3.6474050e+02
  -2.2272830e+02
  -1.0293294e+02
   1.0241134e+01
   1.2104279e+02
   2.2636651e+02
   3.1885813e+02
   4.0796413e+02
   4.8651979e+02
   5.0650051e+02
   5.0685806e+02
   4.9793703e+02
   4.7212539e+02
   4.0786045e+02
   3.1574287e+02
   2.1785389e+02
   1.3598876e+02
   7.2309801e+01
   2.0025823e+01
   5.9167571e+01
   8.6664658e+01
   4.4035856e+00
  -9.7875416e+01
  -2.2940389e+02
  -3.7027328e+02
  -4.7553354e+02
  -5.9042698e+02
  -6.9255256e+02
  -7.6642461e+02
  -8.0816879e+02
  -8.2755144e+02
  -8.3919532e+02
  -8.6232748e+02
  -8.9225955e+02
  -9.2485401e+02
  -1.0120039e+03
  -1.1132946e+03
  -1.1920778e+03
  -1.2608390e+03
  -1.3289103e+03
  -1.5352659e+03
  -1.6357314e+03
  -1.6394436e+03
  -1.8476157e+03
  -2.2813546e+03
  -2.5255227e+03
  -2.6479637e+03
  -2.7221714e+03
  -2.8130193e+03
  -2.9273474e+03
  -3.0726701e+03
  -3.2063967e+03
  -3.3293531e+03
  -3.4413460e+03
  -3.5359896e+03
  -3.5958625e+03
  -3.5400432e+03
  -3.4820187e+03
  -3.4232806e+03
  -3.3902232e+03
  -3.3362702e+03
  -3.2606095e+03
  -3.1708581e+03
  -3.0730567e+03
  -2.9564225e+03
  -2.8244886e+03
  -2.6101317e+03
  -2.4074509e+03
  -2.1952419e+03
  -1.9909183e+03
  -1.8740191e+03
  -1.8114574e+03
  -1.7323810e+03
  -1.5952071e+03
  -1.4231808e+03
  -1.2327087e+03
  -1.0620656e+03
  -8.8393710e+02
  -7.2007688e+02
  -5.7503417e+02
  -4.5857965e+02
  -3.7070448e+02
  -3.0609879e+02
  -2.5257329e+02
  -2.0047937e+02
  -1.1308508e+02
  -1.3506348e+01
   9.9097474e+01
   2.0146401e+02
   3.0559258e+02
   4.1109251e+02
   5.0300113e+02
   5.8225891e+02
   6.4797270e+02
   7.0462506e+02
   7.6026123e+02
   8.1599034e+02
   8.7015253e+02
   9.3813361e+02
   1.0137982e+03
   1.0980696e+03
   1.1846447e+03
   1.2613402e+03
   1.3347514e+03
   1.4064309e+03
   1.4626065e+03
   1.4840842e+03
   1.4023885e+03
   1.3259425e+03
   1.2569022e+03
   1.1938401e+03
   1.1340056e+03
   1.0765548e+03
   1.0202748e+03
   9.6790992e+02
   9.1883216e+02
   8.7306127e+02
   7.5048930e+02
   6.4057321e+02
   5.2072390e+02
   4.1282541e+02
   3.1418077e+02
   2.2440147e+02
   1.4062901e+02
   6.3151685e+01
  -1.0562140e+01
  -7.8454069e+01
  -1.4004057e+02
  -1.9558469e+02
  -2.4593115e+02
  -2.9089273e+02
  -3.3030103e+02
  -3.6269985e+02
  -3.8913745e+02
  -4.1650393e+02
  -4.4137458e+02
  -4.9535128e+02
  -5.4314524e+02
  -5.8736645e+02
  -6.2977848e+02
  -6.7280437e+02
  -7.1629000e+02
  -7.6030816e+02
  -8.0487546e+02
  -8.5005583e+02
  -8.9427352e+02
  -9.3513426e+02
  -9.7067548e+02
  -1.0022082e+03
  -1.0317764e+03
